72.0042 0.03 8.4153e-005 -8.58345e-005 0.03 -8.4153e-005 -8.58345e-005
144.008 0.06 0.000168306 -0.000171669 0.06 -0.000168306 -0.000171669
216.013 0.09 0.000252459 -0.000257504 0.09 -0.000252459 -0.000257504
288.017 0.12 0.000336612 -0.000343338 0.12 -0.000336612 -0.000343338
360.021 0.15 0.000420765 -0.000429173 0.15 -0.000420765 -0.000429173
432.025 0.18 0.000504918 -0.000515007 0.18 -0.000504918 -0.000515007
504.029 0.21 0.000589071 -0.000600842 0.21 -0.000589071 -0.000600842
576.033 0.24 0.000673224 -0.000686676 0.24 -0.000673224 -0.000686676
648.038 0.27 0.000757377 -0.000772511 0.27 -0.000757377 -0.000772511
720.042 0.3 0.00084153 -0.000858345 0.3 -0.00084153 -0.000858345
792.046 0.33 0.000925683 -0.00094418 0.33 -0.000925683 -0.00094418
864.05 0.36 0.00100984 -0.00103001 0.36 -0.00100984 -0.00103001
936.054 0.39 0.00109399 -0.00111585 0.39 -0.00109399 -0.00111585
1008.06 0.42 0.00117814 -0.00120168 0.42 -0.00117814 -0.00120168
1080.06 0.45 0.0012623 -0.00128752 0.45 -0.0012623 -0.00128752
1152.07 0.48 0.00134645 -0.00137335 0.48 -0.00134645 -0.00137335
1224.07 0.51 0.0014306 -0.00145919 0.51 -0.0014306 -0.00145919
1296.08 0.54 0.00151475 -0.00154502 0.54 -0.00151475 -0.00154502
1368.08 0.57 0.00159891 -0.00163086 0.57 -0.00159891 -0.00163086
1440.08 0.6 0.00168306 -0.00171669 0.6 -0.00168306 -0.00171669
1512.09 0.63 0.00176721 -0.00180252 0.63 -0.00176721 -0.00180252
1584.09 0.66 0.00185137 -0.00188836 0.66 -0.00185137 -0.00188836
1656.1 0.69 0.00193552 -0.00197419 0.69 -0.00193552 -0.00197419
1728.1 0.72 0.00201967 -0.00206003 0.72 -0.00201967 -0.00206003
1800.1 0.75 0.00210383 -0.00214586 0.75 -0.00210383 -0.00214586
1872.11 0.78 0.00218798 -0.0022317 0.78 -0.00218798 -0.0022317
1944.11 0.81 0.00227213 -0.00231753 0.81 -0.00227213 -0.00231753
2016.12 0.84 0.00235628 -0.00240337 0.84 -0.00235628 -0.00240337
2088.12 0.87 0.00244044 -0.0024892 0.87 -0.00244044 -0.0024892
2160.13 0.9 0.00252459 -0.00257504 0.9 -0.00252459 -0.00257504
2232.13 0.93 0.00260874 -0.00266087 0.93 -0.00260874 -0.00266087
2304.13 0.96 0.0026929 -0.0027467 0.96 -0.0026929 -0.0027467
2376.14 0.99 0.00277705 -0.00283254 0.99 -0.00277705 -0.00283254
2448.14 1.02 0.0028612 -0.00291837 1.02 -0.0028612 -0.00291837
2520.15 1.05 0.00294536 -0.00300421 1.05 -0.00294536 -0.00300421
2592.15 1.08 0.00302951 -0.00309004 1.08 -0.00302951 -0.00309004
2664.15 1.11 0.00311366 -0.00317588 1.11 -0.00311366 -0.00317588
2736.16 1.14 0.00319781 -0.00326171 1.14 -0.00319781 -0.00326171
2808.16 1.17 0.00328197 -0.00334755 1.17 -0.00328197 -0.00334755
2880.17 1.2 0.00336612 -0.00343338 1.2 -0.00336612 -0.00343338
2952.17 1.23 0.00345027 -0.00351921 1.23 -0.00345027 -0.00351921
3024.18 1.26 0.00353443 -0.00360505 1.26 -0.00353443 -0.00360505
3096.18 1.29 0.00361858 -0.00369088 1.29 -0.00361858 -0.00369088
3168.18 1.32 0.00370273 -0.00377672 1.32 -0.00370273 -0.00377672
3240.19 1.35 0.00378689 -0.00386255 1.35 -0.00378689 -0.00386255
3312.19 1.38 0.00387104 -0.00394839 1.38 -0.00387104 -0.00394839
3384.2 1.41 0.00395519 -0.00403422 1.41 -0.00395519 -0.00403422
3456.2 1.44 0.00403934 -0.00412006 1.44 -0.00403934 -0.00412006
3528.2 1.47 0.0041235 -0.00420589 1.47 -0.0041235 -0.00420589
3600.21 1.5 0.00420765 -0.00429173 1.5 -0.00420765 -0.00429173
3672.21 1.53 0.0042918 -0.00437756 1.53 -0.0042918 -0.00437756
3744.22 1.56 0.00437596 -0.00446339 1.56 -0.00437596 -0.00446339
3816.22 1.59 0.00446011 -0.00454923 1.59 -0.00446011 -0.00454923
3888.23 1.62 0.00454426 -0.00463506 1.62 -0.00454426 -0.00463506
3960.23 1.65 0.00462842 -0.0047209 1.65 -0.00462842 -0.0047209
4032.23 1.68 0.00471257 -0.00480673 1.68 -0.00471257 -0.00480673
4104.24 1.71 0.00479672 -0.00489257 1.71 -0.00479672 -0.00489257
4176.24 1.74 0.00488087 -0.0049784 1.74 -0.00488087 -0.0049784
4248.25 1.77 0.00496503 -0.00506424 1.77 -0.00496503 -0.00506424
4320.25 1.8 0.00504918 -0.00515007 1.8 -0.00504918 -0.00515007
4392.25 1.83 0.00513333 -0.0052359 1.83 -0.00513333 -0.0052359
4464.26 1.86 0.00521749 -0.00532174 1.86 -0.00521749 -0.00532174
4536.26 1.89 0.00530164 -0.00540757 1.89 -0.00530164 -0.00540757
4608.27 1.92 0.00538579 -0.00549341 1.92 -0.00538579 -0.00549341
4680.27 1.95 0.00546995 -0.00557924 1.95 -0.00546995 -0.00557924
4752.28 1.98 0.0055541 -0.00566508 1.98 -0.0055541 -0.00566508
4824.28 2.01 0.00563825 -0.00575091 2.01 -0.00563825 -0.00575091
4896.28 2.04 0.0057224 -0.00583675 2.04 -0.0057224 -0.00583675
4968.29 2.07 0.00580656 -0.00592258 2.07 -0.00580656 -0.00592258
5040.29 2.1 0.00589071 -0.00600842 2.1 -0.00589071 -0.00600842
5112.3 2.13 0.00597486 -0.00609425 2.13 -0.00597486 -0.00609425
5184.3 2.16 0.00605902 -0.00618008 2.16 -0.00605902 -0.00618008
5256.31 2.19 0.00614317 -0.00626592 2.19 -0.00614317 -0.00626592
5328.31 2.22 0.00622732 -0.00635175 2.22 -0.00622732 -0.00635175
5400.31 2.25 0.00631148 -0.00643759 2.25 -0.00631148 -0.00643759
5472.32 2.28 0.00639563 -0.00652342 2.28 -0.00639563 -0.00652342
5544.32 2.31 0.00647978 -0.00660926 2.31 -0.00647978 -0.00660926
5616.33 2.34 0.00656393 -0.00669509 2.34 -0.00656393 -0.00669509
5688.33 2.37 0.00664809 -0.00678093 2.37 -0.00664809 -0.00678093
5760.33 2.4 0.00673224 -0.00686676 2.4 -0.00673224 -0.00686676
5832.34 2.43 0.00681639 -0.00695259 2.43 -0.00681639 -0.00695259
5904.34 2.46 0.00690055 -0.00703843 2.46 -0.00690055 -0.00703843
5976.35 2.49 0.0069847 -0.00712426 2.49 -0.0069847 -0.00712426
6048.35 2.52 0.00706885 -0.0072101 2.52 -0.00706885 -0.0072101
6120.36 2.55 0.00715301 -0.00729593 2.55 -0.00715301 -0.00729593
6192.36 2.58 0.00723716 -0.00738177 2.58 -0.00723716 -0.00738177
6264.36 2.61 0.00732131 -0.0074676 2.61 -0.00732131 -0.0074676
6336.37 2.64 0.00740546 -0.00755344 2.64 -0.00740546 -0.00755344
6408.37 2.67 0.00748962 -0.00763927 2.67 -0.00748962 -0.00763927
6480.38 2.7 0.00757377 -0.00772511 2.7 -0.00757377 -0.00772511
6552.38 2.73 0.00765792 -0.00781094 2.73 -0.00765792 -0.00781094
6624.38 2.76 0.00774208 -0.00789677 2.76 -0.00774208 -0.00789677
6696.39 2.79 0.00782623 -0.00798261 2.79 -0.00782623 -0.00798261
6768.39 2.82 0.00791038 -0.00806844 2.82 -0.00791038 -0.00806844
6840.4 2.85 0.00799454 -0.00815428 2.85 -0.00799454 -0.00815428
6912.4 2.88 0.00807869 -0.00824011 2.88 -0.00807869 -0.00824011
6984.41 2.91 0.00816284 -0.00832595 2.91 -0.00816284 -0.00832595
7056.41 2.94 0.00824699 -0.00841178 2.94 -0.00824699 -0.00841178
7128.41 2.97 0.00833115 -0.00849762 2.97 -0.00833115 -0.00849762
7200.42 3 0.0084153 -0.00858345 3 -0.0084153 -0.00858345
7272.42 3.03 0.00849945 -0.00866928 3.03 -0.00849945 -0.00866928
7344.43 3.06 0.00858361 -0.00875512 3.06 -0.00858361 -0.00875512
7416.43 3.09 0.00866776 -0.00884095 3.09 -0.00866776 -0.00884095
7488.43 3.12 0.00875191 -0.00892679 3.12 -0.00875191 -0.00892679
7560.44 3.15 0.00883607 -0.00901262 3.15 -0.00883607 -0.00901262
7632.44 3.18 0.00892022 -0.00909846 3.18 -0.00892022 -0.00909846
7704.45 3.21 0.00900437 -0.00918429 3.21 -0.00900437 -0.00918429
7776.45 3.24 0.00908852 -0.00927013 3.24 -0.00908852 -0.00927013
7848.46 3.27 0.00917268 -0.00935596 3.27 -0.00917268 -0.00935596
7920.46 3.3 0.00925683 -0.0094418 3.3 -0.00925683 -0.0094418
7992.46 3.33 0.00934098 -0.00952763 3.33 -0.00934098 -0.00952763
8064.47 3.36 0.00942514 -0.00961346 3.36 -0.00942514 -0.00961346
8136.47 3.39 0.00950929 -0.0096993 3.39 -0.00950929 -0.0096993
8208.48 3.42 0.00959344 -0.00978513 3.42 -0.00959344 -0.00978513
8280.48 3.45 0.0096776 -0.00987097 3.45 -0.0096776 -0.00987097
8352.48 3.48 0.00976175 -0.0099568 3.48 -0.00976175 -0.0099568
8424.49 3.51 0.0098459 -0.0100426 3.51 -0.0098459 -0.0100426
8496.49 3.54 0.00993005 -0.0101285 3.54 -0.00993005 -0.0101285
8568.5 3.57 0.0100142 -0.0102143 3.57 -0.0100142 -0.0102143
8640.5 3.6 0.0100984 -0.0103001 3.6 -0.0100984 -0.0103001
8712.51 3.63 0.0101825 -0.010386 3.63 -0.0101825 -0.010386
8784.51 3.66 0.0102667 -0.0104718 3.66 -0.0102667 -0.0104718
8856.51 3.69 0.0103508 -0.0105576 3.69 -0.0103508 -0.0105576
8928.52 3.72 0.010435 -0.0106435 3.72 -0.010435 -0.0106435
9000.52 3.75 0.0105191 -0.0107293 3.75 -0.0105191 -0.0107293
9072.53 3.78 0.0106033 -0.0108151 3.78 -0.0106033 -0.0108151
9144.53 3.81 0.0106874 -0.010901 3.81 -0.0106874 -0.010901
9216.53 3.84 0.0107716 -0.0109868 3.84 -0.0107716 -0.0109868
9288.54 3.87 0.0108557 -0.0110727 3.87 -0.0108557 -0.0110727
9360.54 3.9 0.0109399 -0.0111585 3.9 -0.0109399 -0.0111585
9432.55 3.93 0.011024 -0.0112443 3.93 -0.011024 -0.0112443
9504.55 3.96 0.0111082 -0.0113302 3.96 -0.0111082 -0.0113302
9576.56 3.99 0.0111923 -0.011416 3.99 -0.0111923 -0.011416
9648.56 4.02 0.0112765 -0.0115018 4.02 -0.0112765 -0.0115018
9720.56 4.05 0.0113607 -0.0115877 4.05 -0.0113607 -0.0115877
9792.57 4.08 0.0114448 -0.0116735 4.08 -0.0114448 -0.0116735
9864.57 4.11 0.011529 -0.0117593 4.11 -0.011529 -0.0117593
9936.58 4.14 0.0116131 -0.0118452 4.14 -0.0116131 -0.0118452
10008.6 4.17 0.0116973 -0.011931 4.17 -0.0116973 -0.011931
10080.6 4.2 0.0117814 -0.0120168 4.2 -0.0117814 -0.0120168
10152.6 4.23 0.0118656 -0.0121027 4.23 -0.0118656 -0.0121027
10224.6 4.26 0.0119497 -0.0121885 4.26 -0.0119497 -0.0121885
10296.6 4.29 0.0120339 -0.0122743 4.29 -0.0120339 -0.0122743
10368.6 4.32 0.012118 -0.0123602 4.32 -0.012118 -0.0123602
10440.6 4.35 0.0122022 -0.012446 4.35 -0.0122022 -0.012446
10512.6 4.38 0.0122863 -0.0125318 4.38 -0.0122863 -0.0125318
10584.6 4.41 0.0123705 -0.0126177 4.41 -0.0123705 -0.0126177
10656.6 4.44 0.0124546 -0.0127035 4.44 -0.0124546 -0.0127035
10728.6 4.47 0.0125388 -0.0127893 4.47 -0.0125388 -0.0127893
10800.6 4.5 0.012623 -0.0128752 4.5 -0.012623 -0.0128752
10872.6 4.53 0.0127071 -0.012961 4.53 -0.0127071 -0.012961
10944.6 4.56 0.0127913 -0.0130468 4.56 -0.0127913 -0.0130468
11016.6 4.59 0.0128754 -0.0131327 4.59 -0.0128754 -0.0131327
11088.6 4.62 0.0129596 -0.0132185 4.62 -0.0129596 -0.0132185
11160.6 4.65 0.0130437 -0.0133043 4.65 -0.0130437 -0.0133043
11232.7 4.68 0.0131279 -0.0133902 4.68 -0.0131279 -0.0133902
11304.7 4.71 0.013212 -0.013476 4.71 -0.013212 -0.013476
11376.7 4.74 0.0132962 -0.0135619 4.74 -0.0132962 -0.0135619
11448.7 4.77 0.0133803 -0.0136477 4.77 -0.0133803 -0.0136477
11520.7 4.8 0.0134645 -0.0137335 4.8 -0.0134645 -0.0137335
11592.7 4.83 0.0135486 -0.0138194 4.83 -0.0135486 -0.0138194
11664.7 4.86 0.0136328 -0.0139052 4.86 -0.0136328 -0.0139052
11736.7 4.89 0.0137169 -0.013991 4.89 -0.0137169 -0.013991
11808.7 4.92 0.0138011 -0.0140769 4.92 -0.0138011 -0.0140769
11880.7 4.95 0.0138852 -0.0141627 4.95 -0.0138852 -0.0141627
11952.7 4.98 0.0139694 -0.0142485 4.98 -0.0139694 -0.0142485
12024.7 5.01 0.0140536 -0.0143344 5.01 -0.0140536 -0.0143344
12096.7 5.04 0.0141377 -0.0144202 5.04 -0.0141377 -0.0144202
12168.7 5.07 0.0142219 -0.014506 5.07 -0.0142219 -0.014506
12240.7 5.1 0.014306 -0.0145919 5.1 -0.014306 -0.0145919
12312.7 5.13 0.0143902 -0.0146777 5.13 -0.0143902 -0.0146777
12384.7 5.16 0.0144743 -0.0147635 5.16 -0.0144743 -0.0147635
12456.7 5.19 0.0145585 -0.0148494 5.19 -0.0145585 -0.0148494
12528.7 5.22 0.0146426 -0.0149352 5.22 -0.0146426 -0.0149352
12600.7 5.25 0.0147268 -0.015021 5.25 -0.0147268 -0.015021
12672.7 5.28 0.0148109 -0.0151069 5.28 -0.0148109 -0.0151069
12744.7 5.31 0.0148951 -0.0151927 5.31 -0.0148951 -0.0151927
12816.7 5.34 0.0149792 -0.0152785 5.34 -0.0149792 -0.0152785
12888.7 5.37 0.0150634 -0.0153644 5.37 -0.0150634 -0.0153644
12960.8 5.4 0.0151475 -0.0154502 5.4 -0.0151475 -0.0154502
13032.8 5.43 0.0152317 -0.015536 5.43 -0.0152317 -0.015536
13104.8 5.46 0.0153158 -0.0156219 5.46 -0.0153158 -0.0156219
13176.8 5.49 0.0154 -0.0157077 5.49 -0.0154 -0.0157077
13248.8 5.52 0.0154842 -0.0157935 5.52 -0.0154842 -0.0157935
13320.8 5.55 0.0155683 -0.0158794 5.55 -0.0155683 -0.0158794
13392.8 5.58 0.0156525 -0.0159652 5.58 -0.0156525 -0.0159652
13464.8 5.61 0.0157366 -0.0160511 5.61 -0.0157366 -0.0160511
13536.8 5.64 0.0158208 -0.0161369 5.64 -0.0158208 -0.0161369
13608.8 5.67 0.0159049 -0.0162227 5.67 -0.0159049 -0.0162227
13680.8 5.7 0.0159891 -0.0163086 5.7 -0.0159891 -0.0163086
13752.8 5.73 0.0160732 -0.0163944 5.73 -0.0160732 -0.0163944
13824.8 5.76 0.0161574 -0.0164802 5.76 -0.0161574 -0.0164802
13896.8 5.79 0.0162415 -0.0165661 5.79 -0.0162415 -0.0165661
13968.8 5.82 0.0163257 -0.0166519 5.82 -0.0163257 -0.0166519
14040.8 5.85 0.0164098 -0.0167377 5.85 -0.0164098 -0.0167377
14112.8 5.88 0.016494 -0.0168236 5.88 -0.016494 -0.0168236
14184.8 5.91 0.0165781 -0.0169094 5.91 -0.0165781 -0.0169094
14256.8 5.94 0.0166623 -0.0169952 5.94 -0.0166623 -0.0169952
14328.8 5.97 0.0167464 -0.0170811 5.97 -0.0167464 -0.0170811
14400.8 6 0.0168306 -0.0171669 6 -0.0168306 -0.0171669
14472.8 6.03 0.0169148 -0.0172527 6.03 -0.0169148 -0.0172527
14544.8 6.06 0.0169989 -0.0173386 6.06 -0.0169989 -0.0173386
14616.8 6.09 0.0170831 -0.0174244 6.09 -0.0170831 -0.0174244
14688.9 6.12 0.0171672 -0.0175102 6.12 -0.0171672 -0.0175102
14760.9 6.15 0.0172514 -0.0175961 6.15 -0.0172514 -0.0175961
14832.9 6.18 0.0173355 -0.0176819 6.18 -0.0173355 -0.0176819
14904.9 6.21 0.0174197 -0.0177677 6.21 -0.0174197 -0.0177677
14976.9 6.24 0.0175038 -0.0178536 6.24 -0.0175038 -0.0178536
15048.9 6.27 0.017588 -0.0179394 6.27 -0.017588 -0.0179394
15120.9 6.3 0.0176721 -0.0180252 6.3 -0.0176721 -0.0180252
15192.9 6.33 0.0177563 -0.0181111 6.33 -0.0177563 -0.0181111
15264.9 6.36 0.0178404 -0.0181969 6.36 -0.0178404 -0.0181969
15336.9 6.39 0.0179246 -0.0182827 6.39 -0.0179246 -0.0182827
15408.9 6.42 0.0180087 -0.0183686 6.42 -0.0180087 -0.0183686
15480.9 6.45 0.0180929 -0.0184544 6.45 -0.0180929 -0.0184544
15552.9 6.48 0.018177 -0.0185403 6.48 -0.018177 -0.0185403
15624.9 6.51 0.0182612 -0.0186261 6.51 -0.0182612 -0.0186261
15696.9 6.54 0.0183454 -0.0187119 6.54 -0.0183454 -0.0187119
15768.9 6.57 0.0184295 -0.0187978 6.57 -0.0184295 -0.0187978
15840.9 6.6 0.0185137 -0.0188836 6.6 -0.0185137 -0.0188836
15912.9 6.63 0.0185978 -0.0189694 6.63 -0.0185978 -0.0189694
15984.9 6.66 0.018682 -0.0190553 6.66 -0.018682 -0.0190553
16056.9 6.69 0.0187661 -0.0191411 6.69 -0.0187661 -0.0191411
16128.9 6.72 0.0188503 -0.0192269 6.72 -0.0188503 -0.0192269
16200.9 6.75 0.0189344 -0.0193128 6.75 -0.0189344 -0.0193128
16272.9 6.78 0.0190186 -0.0193986 6.78 -0.0190186 -0.0193986
16344.9 6.81 0.0191027 -0.0194844 6.81 -0.0191027 -0.0194844
16417 6.84 0.0191869 -0.0195703 6.84 -0.0191869 -0.0195703
16489 6.87 0.019271 -0.0196561 6.87 -0.019271 -0.0196561
16561 6.9 0.0193552 -0.0197419 6.9 -0.0193552 -0.0197419
16633 6.93 0.0194393 -0.0198278 6.93 -0.0194393 -0.0198278
16705 6.96 0.0195235 -0.0199136 6.96 -0.0195235 -0.0199136
16777 6.99 0.0196076 -0.0199994 6.99 -0.0196076 -0.0199994
16849 7.02 0.0196918 -0.0200853 7.02 -0.0196918 -0.0200853
16921 7.05 0.019776 -0.0201711 7.05 -0.019776 -0.0201711
16993 7.08 0.0198601 -0.0202569 7.08 -0.0198601 -0.0202569
17065 7.11 0.0199443 -0.0203428 7.11 -0.0199443 -0.0203428
17137 7.14 0.0200284 -0.0204286 7.14 -0.0200284 -0.0204286
17209 7.17 0.0201126 -0.0205144 7.17 -0.0201126 -0.0205144
17281 7.2 0.0201967 -0.0206003 7.2 -0.0201967 -0.0206003
17353 7.23 0.0202809 -0.0206861 7.23 -0.0202809 -0.0206861
17425 7.26 0.020365 -0.020772 7.26 -0.020365 -0.020772
17497 7.29 0.0204492 -0.0208578 7.29 -0.0204492 -0.0208578
17569 7.32 0.0205333 -0.0209436 7.32 -0.0205333 -0.0209436
17641 7.35 0.0206175 -0.0210295 7.35 -0.0206175 -0.0210295
17713 7.38 0.0207016 -0.0211153 7.38 -0.0207016 -0.0211153
17785 7.41 0.0207858 -0.0212011 7.41 -0.0207858 -0.0212011
17857 7.44 0.0208699 -0.021287 7.44 -0.0208699 -0.021287
17929 7.47 0.0209541 -0.0213728 7.47 -0.0209541 -0.0213728
18001 7.5 0.0210383 -0.0214586 7.5 -0.0210383 -0.0214586
18073 7.53 0.0211224 -0.0215445 7.53 -0.0211224 -0.0215445
18145.1 7.56 0.0212066 -0.0216303 7.56 -0.0212066 -0.0216303
18217.1 7.59 0.0212907 -0.0217161 7.59 -0.0212907 -0.0217161
18289.1 7.62 0.0213749 -0.021802 7.62 -0.0213749 -0.021802
18361.1 7.65 0.021459 -0.0218878 7.65 -0.021459 -0.0218878
18433.1 7.68 0.0215432 -0.0219736 7.68 -0.0215432 -0.0219736
18505.1 7.71 0.0216273 -0.0220595 7.71 -0.0216273 -0.0220595
18577.1 7.74 0.0217115 -0.0221453 7.74 -0.0217115 -0.0221453
18649.1 7.77 0.0217956 -0.0222311 7.77 -0.0217956 -0.0222311
18721.1 7.8 0.0218798 -0.022317 7.8 -0.0218798 -0.022317
18793.1 7.83 0.0219639 -0.0224028 7.83 -0.0219639 -0.0224028
18865.1 7.86 0.0220481 -0.0224886 7.86 -0.0220481 -0.0224886
18937.1 7.89 0.0221322 -0.0225745 7.89 -0.0221322 -0.0225745
19009.1 7.92 0.0222164 -0.0226603 7.92 -0.0222164 -0.0226603
19081.1 7.95 0.0223005 -0.0227461 7.95 -0.0223005 -0.0227461
19153.1 7.98 0.0223847 -0.022832 7.98 -0.0223847 -0.022832
19225.1 8.01 0.0224689 -0.0229178 8.01 -0.0224689 -0.0229178
19297.1 8.04 0.022553 -0.0230036 8.04 -0.022553 -0.0230036
19369.1 8.07 0.0226372 -0.0230895 8.07 -0.0226372 -0.0230895
19441.1 8.1 0.0227213 -0.0231753 8.1 -0.0227213 -0.0231753
19513.1 8.13 0.0228055 -0.0232612 8.13 -0.0228055 -0.0232612
19585.1 8.16 0.0228896 -0.023347 8.16 -0.0228896 -0.023347
19657.1 8.19 0.0229738 -0.0234328 8.19 -0.0229738 -0.0234328
19729.1 8.22 0.0230579 -0.0235187 8.22 -0.0230579 -0.0235187
19801.1 8.25 0.0231421 -0.0236045 8.25 -0.0231421 -0.0236045
19873.2 8.28 0.0232262 -0.0236903 8.28 -0.0232262 -0.0236903
19945.2 8.31 0.0233104 -0.0237762 8.31 -0.0233104 -0.0237762
20017.2 8.34 0.0233945 -0.023862 8.34 -0.0233945 -0.023862
20089.2 8.37 0.0234787 -0.0239478 8.37 -0.0234787 -0.0239478
20161.2 8.4 0.0235628 -0.0240337 8.4 -0.0235628 -0.0240337
20233.2 8.43 0.023647 -0.0241195 8.43 -0.023647 -0.0241195
20305.2 8.46 0.0237311 -0.0242053 8.46 -0.0237311 -0.0242053
20377.2 8.49 0.0238153 -0.0242912 8.49 -0.0238153 -0.0242912
20449.2 8.52 0.0238995 -0.024377 8.52 -0.0238995 -0.024377
20521.2 8.55 0.0239836 -0.0244628 8.55 -0.0239836 -0.0244628
20593.2 8.58 0.0240678 -0.0245487 8.58 -0.0240678 -0.0245487
20665.2 8.61 0.0241519 -0.0246345 8.61 -0.0241519 -0.0246345
20737.2 8.64 0.0242361 -0.0247203 8.64 -0.0242361 -0.0247203
20809.2 8.67 0.0243202 -0.0248062 8.67 -0.0243202 -0.0248062
20881.2 8.7 0.0244044 -0.024892 8.7 -0.0244044 -0.024892
20953.2 8.73 0.0244885 -0.0249778 8.73 -0.0244885 -0.0249778
21025.2 8.76 0.0245727 -0.0250637 8.76 -0.0245727 -0.0250637
21097.2 8.79 0.0246568 -0.0251495 8.79 -0.0246568 -0.0251495
21169.2 8.82 0.024741 -0.0252353 8.82 -0.024741 -0.0252353
21241.2 8.85 0.0248251 -0.0253212 8.85 -0.0248251 -0.0253212
21313.2 8.88 0.0249093 -0.025407 8.88 -0.0249093 -0.025407
21385.2 8.91 0.0249934 -0.0254928 8.91 -0.0249934 -0.0254928
21457.2 8.94 0.0250776 -0.0255787 8.94 -0.0250776 -0.0255787
21529.2 8.97 0.0251617 -0.0256645 8.97 -0.0251617 -0.0256645
21601.3 9 0.0252459 -0.0257504 9 -0.0252459 -0.0257504
21673.3 9.03 0.0253301 -0.0258362 9.03 -0.0253301 -0.0258362
21745.3 9.06 0.0254142 -0.025922 9.06 -0.0254142 -0.025922
21817.3 9.09 0.0254984 -0.0260079 9.09 -0.0254984 -0.0260079
21889.3 9.12 0.0255825 -0.0260937 9.12 -0.0255825 -0.0260937
21961.3 9.15 0.0256667 -0.0261795 9.15 -0.0256667 -0.0261795
22033.3 9.18 0.0257508 -0.0262654 9.18 -0.0257508 -0.0262654
22105.3 9.21 0.025835 -0.0263512 9.21 -0.025835 -0.0263512
22177.3 9.24 0.0259191 -0.026437 9.24 -0.0259191 -0.026437
22249.3 9.27 0.0260033 -0.0265229 9.27 -0.0260033 -0.0265229
22321.3 9.3 0.0260874 -0.0266087 9.3 -0.0260874 -0.0266087
22393.3 9.33 0.0261716 -0.0266945 9.33 -0.0261716 -0.0266945
22465.3 9.36 0.0262557 -0.0267804 9.36 -0.0262557 -0.0267804
22537.3 9.39 0.0263399 -0.0268662 9.39 -0.0263399 -0.0268662
22609.3 9.42 0.026424 -0.026952 9.42 -0.026424 -0.026952
22681.3 9.45 0.0265082 -0.0270379 9.45 -0.0265082 -0.0270379
22753.3 9.48 0.0265923 -0.0271237 9.48 -0.0265923 -0.0271237
22825.3 9.51 0.0266765 -0.0272095 9.51 -0.0266765 -0.0272095
22897.3 9.54 0.0267607 -0.0272954 9.54 -0.0267607 -0.0272954
22969.3 9.57 0.0268448 -0.0273812 9.57 -0.0268448 -0.0273812
23041.3 9.6 0.026929 -0.027467 9.6 -0.026929 -0.027467
23113.3 9.63 0.0270131 -0.0275529 9.63 -0.0270131 -0.0275529
23185.3 9.66 0.0270973 -0.0276387 9.66 -0.0270973 -0.0276387
23257.3 9.69 0.0271814 -0.0277245 9.69 -0.0271814 -0.0277245
23329.4 9.72 0.0272656 -0.0278104 9.72 -0.0272656 -0.0278104
23401.4 9.75 0.0273497 -0.0278962 9.75 -0.0273497 -0.0278962
23473.4 9.78 0.0274339 -0.027982 9.78 -0.0274339 -0.027982
23545.4 9.81 0.027518 -0.0280679 9.81 -0.027518 -0.0280679
23617.4 9.84 0.0276022 -0.0281537 9.84 -0.0276022 -0.0281537
23689.4 9.87 0.0276863 -0.0282396 9.87 -0.0276863 -0.0282396
23761.4 9.9 0.0277705 -0.0283254 9.9 -0.0277705 -0.0283254
23833.4 9.93 0.0278546 -0.0284112 9.93 -0.0278546 -0.0284112
23905.4 9.96 0.0279388 -0.0284971 9.96 -0.0279388 -0.0284971
23977.4 9.99 0.0280229 -0.0285829 9.99 -0.0280229 -0.0285829
24049.4 10.02 0.0281071 -0.0286687 10.02 -0.0281071 -0.0286687
24121.4 10.05 0.0281913 -0.0287546 10.05 -0.0281913 -0.0287546
24193.4 10.08 0.0282754 -0.0288404 10.08 -0.0282754 -0.0288404
24265.4 10.11 0.0283596 -0.0289262 10.11 -0.0283596 -0.0289262
24337.4 10.14 0.0284437 -0.0290121 10.14 -0.0284437 -0.0290121
24409.4 10.17 0.0285279 -0.0290979 10.17 -0.0285279 -0.0290979
24481.4 10.2 0.028612 -0.0291837 10.2 -0.028612 -0.0291837
24553.4 10.23 0.0286962 -0.0292696 10.23 -0.0286962 -0.0292696
24625.4 10.26 0.0287803 -0.0293554 10.26 -0.0287803 -0.0293554
24697.4 10.29 0.0288645 -0.0294412 10.29 -0.0288645 -0.0294412
24769.4 10.32 0.0289486 -0.0295271 10.32 -0.0289486 -0.0295271
24841.4 10.35 0.0290328 -0.0296129 10.35 -0.0290328 -0.0296129
24913.4 10.38 0.0291169 -0.0296987 10.38 -0.0291169 -0.0296987
24985.4 10.41 0.0292011 -0.0297846 10.41 -0.0292011 -0.0297846
25057.5 10.44 0.0292852 -0.0298704 10.44 -0.0292852 -0.0298704
25129.5 10.47 0.0293694 -0.0299562 10.47 -0.0293694 -0.0299562
25201.5 10.5 0.0294536 -0.0300421 10.5 -0.0294536 -0.0300421
25273.5 10.53 0.0295377 -0.0301279 10.53 -0.0295377 -0.0301279
25345.5 10.56 0.0296219 -0.0302137 10.56 -0.0296219 -0.0302137
25417.5 10.59 0.029706 -0.0302996 10.59 -0.029706 -0.0302996
25489.5 10.62 0.0297902 -0.0303854 10.62 -0.0297902 -0.0303854
25561.5 10.65 0.0298743 -0.0304712 10.65 -0.0298743 -0.0304712
25633.5 10.68 0.0299585 -0.0305571 10.68 -0.0299585 -0.0305571
25705.5 10.71 0.0300426 -0.0306429 10.71 -0.0300426 -0.0306429
25777.5 10.74 0.0301268 -0.0307288 10.74 -0.0301268 -0.0307288
25849.5 10.77 0.0302109 -0.0308146 10.77 -0.0302109 -0.0308146
25921.5 10.8 0.0302951 -0.0309004 10.8 -0.0302951 -0.0309004
25993.5 10.83 0.0303792 -0.0309863 10.83 -0.0303792 -0.0309863
26065.5 10.86 0.0304634 -0.0310721 10.86 -0.0304634 -0.0310721
26137.5 10.89 0.0305475 -0.0311579 10.89 -0.0305475 -0.0311579
26209.5 10.92 0.0306317 -0.0312438 10.92 -0.0306317 -0.0312438
26281.5 10.95 0.0307158 -0.0313296 10.95 -0.0307158 -0.0313296
26353.5 10.98 0.0308 -0.0314154 10.98 -0.0308 -0.0314154
26425.5 11.01 0.0308842 -0.0315013 11.01 -0.0308842 -0.0315013
26497.5 11.04 0.0309683 -0.0315871 11.04 -0.0309683 -0.0315871
26569.5 11.07 0.0310525 -0.0316729 11.07 -0.0310525 -0.0316729
26641.5 11.1 0.0311366 -0.0317588 11.1 -0.0311366 -0.0317588
26713.6 11.13 0.0312208 -0.0318446 11.13 -0.0312208 -0.0318446
26785.6 11.16 0.0313049 -0.0319304 11.16 -0.0313049 -0.0319304
26857.6 11.19 0.0313891 -0.0320163 11.19 -0.0313891 -0.0320163
26929.6 11.22 0.0314732 -0.0321021 11.22 -0.0314732 -0.0321021
27001.6 11.25 0.0315574 -0.0321879 11.25 -0.0315574 -0.0321879
27073.6 11.28 0.0316415 -0.0322738 11.28 -0.0316415 -0.0322738
27145.6 11.31 0.0317257 -0.0323596 11.31 -0.0317257 -0.0323596
27217.6 11.34 0.0318098 -0.0324454 11.34 -0.0318098 -0.0324454
27289.6 11.37 0.031894 -0.0325313 11.37 -0.031894 -0.0325313
27361.6 11.4 0.0319781 -0.0326171 11.4 -0.0319781 -0.0326171
27433.6 11.43 0.0320623 -0.0327029 11.43 -0.0320623 -0.0327029
27505.6 11.46 0.0321464 -0.0327888 11.46 -0.0321464 -0.0327888
27577.6 11.49 0.0322306 -0.0328746 11.49 -0.0322306 -0.0328746
27649.6 11.52 0.0323148 -0.0329604 11.52 -0.0323148 -0.0329604
27721.6 11.55 0.0323989 -0.0330463 11.55 -0.0323989 -0.0330463
27793.6 11.58 0.0324831 -0.0331321 11.58 -0.0324831 -0.0331321
27865.6 11.61 0.0325672 -0.033218 11.61 -0.0325672 -0.033218
27937.6 11.64 0.0326514 -0.0333038 11.64 -0.0326514 -0.0333038
28009.6 11.67 0.0327355 -0.0333896 11.67 -0.0327355 -0.0333896
28081.6 11.7 0.0328197 -0.0334755 11.7 -0.0328197 -0.0334755
28153.6 11.73 0.0329038 -0.0335613 11.73 -0.0329038 -0.0335613
28225.6 11.76 0.032988 -0.0336471 11.76 -0.032988 -0.0336471
28297.6 11.79 0.0330721 -0.033733 11.79 -0.0330721 -0.033733
28369.6 11.82 0.0331563 -0.0338188 11.82 -0.0331563 -0.0338188
28441.7 11.85 0.0332404 -0.0339046 11.85 -0.0332404 -0.0339046
28513.7 11.88 0.0333246 -0.0339905 11.88 -0.0333246 -0.0339905
28585.7 11.91 0.0334087 -0.0340763 11.91 -0.0334087 -0.0340763
28657.7 11.94 0.0334929 -0.0341621 11.94 -0.0334929 -0.0341621
28729.7 11.97 0.033577 -0.034248 11.97 -0.033577 -0.034248
28801.7 12 0.0336612 -0.0343338 12 -0.0336612 -0.0343338
28873.7 12.03 0.0337454 -0.0344196 12.03 -0.0337454 -0.0344196
28945.7 12.06 0.0338295 -0.0345055 12.06 -0.0338295 -0.0345055
29017.7 12.09 0.0339137 -0.0345913 12.09 -0.0339137 -0.0345913
29089.7 12.12 0.0339978 -0.0346771 12.12 -0.0339978 -0.0346771
29161.7 12.15 0.034082 -0.034763 12.15 -0.034082 -0.034763
29233.7 12.18 0.0341661 -0.0348488 12.18 -0.0341661 -0.0348488
29305.7 12.21 0.0342503 -0.0349346 12.21 -0.0342503 -0.0349346
29377.7 12.24 0.0343344 -0.0350205 12.24 -0.0343344 -0.0350205
29449.7 12.27 0.0344186 -0.0351063 12.27 -0.0344186 -0.0351063
29521.7 12.3 0.0345027 -0.0351921 12.3 -0.0345027 -0.0351921
29593.7 12.33 0.0345869 -0.035278 12.33 -0.0345869 -0.035278
29665.7 12.36 0.034671 -0.0353638 12.36 -0.034671 -0.0353638
29737.7 12.39 0.0347552 -0.0354497 12.39 -0.0347552 -0.0354497
29809.7 12.42 0.0348393 -0.0355355 12.42 -0.0348393 -0.0355355
29881.7 12.45 0.0349235 -0.0356213 12.45 -0.0349235 -0.0356213
29953.7 12.48 0.0350076 -0.0357072 12.48 -0.0350076 -0.0357072
30025.7 12.51 0.0350918 -0.035793 12.51 -0.0350918 -0.035793
30097.7 12.54 0.035176 -0.0358788 12.54 -0.035176 -0.0358788
30169.8 12.57 0.0352601 -0.0359647 12.57 -0.0352601 -0.0359647
30241.8 12.6 0.0353443 -0.0360505 12.6 -0.0353443 -0.0360505
30313.8 12.63 0.0354284 -0.0361363 12.63 -0.0354284 -0.0361363
30385.8 12.66 0.0355126 -0.0362222 12.66 -0.0355126 -0.0362222
30457.8 12.69 0.0355967 -0.036308 12.69 -0.0355967 -0.036308
30529.8 12.72 0.0356809 -0.0363938 12.72 -0.0356809 -0.0363938
30601.8 12.75 0.035765 -0.0364797 12.75 -0.035765 -0.0364797
30673.8 12.78 0.0358492 -0.0365655 12.78 -0.0358492 -0.0365655
30745.8 12.81 0.0359333 -0.0366513 12.81 -0.0359333 -0.0366513
30817.8 12.84 0.0360175 -0.0367372 12.84 -0.0360175 -0.0367372
30889.8 12.87 0.0361016 -0.036823 12.87 -0.0361016 -0.036823
30961.8 12.9 0.0361858 -0.0369088 12.9 -0.0361858 -0.0369088
31033.8 12.93 0.0362699 -0.0369947 12.93 -0.0362699 -0.0369947
31105.8 12.96 0.0363541 -0.0370805 12.96 -0.0363541 -0.0370805
31177.8 12.99 0.0364382 -0.0371663 12.99 -0.0364382 -0.0371663
31249.8 13.02 0.0365224 -0.0372522 13.02 -0.0365224 -0.0372522
31321.8 13.05 0.0366066 -0.037338 13.05 -0.0366066 -0.037338
31393.8 13.08 0.0366907 -0.0374238 13.08 -0.0366907 -0.0374238
31465.8 13.11 0.0367749 -0.0375097 13.11 -0.0367749 -0.0375097
31537.8 13.14 0.036859 -0.0375955 13.14 -0.036859 -0.0375955
31609.8 13.17 0.0369432 -0.0376813 13.17 -0.0369432 -0.0376813
31681.8 13.2 0.0370273 -0.0377672 13.2 -0.0370273 -0.0377672
31753.8 13.23 0.0371115 -0.037853 13.23 -0.0371115 -0.037853
31825.8 13.26 0.0371956 -0.0379389 13.26 -0.0371956 -0.0379389
31897.9 13.29 0.0372798 -0.0380247 13.29 -0.0372798 -0.0380247
31969.9 13.32 0.0373639 -0.0381105 13.32 -0.0373639 -0.0381105
32041.9 13.35 0.0374481 -0.0381964 13.35 -0.0374481 -0.0381964
32113.9 13.38 0.0375322 -0.0382822 13.38 -0.0375322 -0.0382822
32185.9 13.41 0.0376164 -0.038368 13.41 -0.0376164 -0.038368
32257.9 13.44 0.0377005 -0.0384539 13.44 -0.0377005 -0.0384539
32329.9 13.47 0.0377847 -0.0385397 13.47 -0.0377847 -0.0385397
32401.9 13.5 0.0378689 -0.0386255 13.5 -0.0378689 -0.0386255
32473.9 13.53 0.037953 -0.0387114 13.53 -0.037953 -0.0387114
32545.9 13.56 0.0380372 -0.0387972 13.56 -0.0380372 -0.0387972
32617.9 13.59 0.0381213 -0.038883 13.59 -0.0381213 -0.038883
32689.9 13.62 0.0382055 -0.0389689 13.62 -0.0382055 -0.0389689
32761.9 13.65 0.0382896 -0.0390547 13.65 -0.0382896 -0.0390547
32833.9 13.68 0.0383738 -0.0391405 13.68 -0.0383738 -0.0391405
32905.9 13.71 0.0384579 -0.0392264 13.71 -0.0384579 -0.0392264
32977.9 13.74 0.0385421 -0.0393122 13.74 -0.0385421 -0.0393122
33049.9 13.77 0.0386262 -0.039398 13.77 -0.0386262 -0.039398
33121.9 13.8 0.0387104 -0.0394839 13.8 -0.0387104 -0.0394839
33193.9 13.83 0.0387945 -0.0395697 13.83 -0.0387945 -0.0395697
33265.9 13.86 0.0388787 -0.0396555 13.86 -0.0388787 -0.0396555
33337.9 13.89 0.0389628 -0.0397414 13.89 -0.0389628 -0.0397414
33409.9 13.92 0.039047 -0.0398272 13.92 -0.039047 -0.0398272
33481.9 13.95 0.0391311 -0.039913 13.95 -0.0391311 -0.039913
33553.9 13.98 0.0392153 -0.0399989 13.98 -0.0392153 -0.0399989
33626 14.01 0.0392995 -0.0400847 14.01 -0.0392995 -0.0400847
33698 14.04 0.0393836 -0.0401705 14.04 -0.0393836 -0.0401705
33770 14.07 0.0394678 -0.0402564 14.07 -0.0394678 -0.0402564
33842 14.1 0.0395519 -0.0403422 14.1 -0.0395519 -0.0403422
33914 14.13 0.0396361 -0.0404281 14.13 -0.0396361 -0.0404281
33986 14.16 0.0397202 -0.0405139 14.16 -0.0397202 -0.0405139
34058 14.19 0.0398044 -0.0405997 14.19 -0.0398044 -0.0405997
34130 14.22 0.0398885 -0.0406856 14.22 -0.0398885 -0.0406856
34202 14.25 0.0399727 -0.0407714 14.25 -0.0399727 -0.0407714
34274 14.28 0.0400568 -0.0408572 14.28 -0.0400568 -0.0408572
34346 14.31 0.040141 -0.0409431 14.31 -0.040141 -0.0409431
34418 14.34 0.0402251 -0.0410289 14.34 -0.0402251 -0.0410289
34490 14.37 0.0403093 -0.0411147 14.37 -0.0403093 -0.0411147
34562 14.4 0.0403934 -0.0412006 14.4 -0.0403934 -0.0412006
34634 14.43 0.0404776 -0.0412864 14.43 -0.0404776 -0.0412864
34706 14.46 0.0405617 -0.0413722 14.46 -0.0405617 -0.0413722
34778 14.49 0.0406459 -0.0414581 14.49 -0.0406459 -0.0414581
34850 14.52 0.0407301 -0.0415439 14.52 -0.0407301 -0.0415439
34922 14.55 0.0408142 -0.0416297 14.55 -0.0408142 -0.0416297
34994 14.58 0.0408984 -0.0417156 14.58 -0.0408984 -0.0417156
35066 14.61 0.0409825 -0.0418014 14.61 -0.0409825 -0.0418014
35138 14.64 0.0410667 -0.0418872 14.64 -0.0410667 -0.0418872
35210 14.67 0.0411508 -0.0419731 14.67 -0.0411508 -0.0419731
35282 14.7 0.041235 -0.0420589 14.7 -0.041235 -0.0420589
35354.1 14.73 0.0413191 -0.0421447 14.73 -0.0413191 -0.0421447
35426.1 14.76 0.0414033 -0.0422306 14.76 -0.0414033 -0.0422306
35498.1 14.79 0.0414874 -0.0423164 14.79 -0.0414874 -0.0423164
35570.1 14.82 0.0415716 -0.0424022 14.82 -0.0415716 -0.0424022
35642.1 14.85 0.0416557 -0.0424881 14.85 -0.0416557 -0.0424881
35714.1 14.88 0.0417399 -0.0425739 14.88 -0.0417399 -0.0425739
35786.1 14.91 0.041824 -0.0426597 14.91 -0.041824 -0.0426597
35858.1 14.94 0.0419082 -0.0427456 14.94 -0.0419082 -0.0427456
35930.1 14.97 0.0419923 -0.0428314 14.97 -0.0419923 -0.0428314
36002.1 15 0.0420765 -0.0429173 15 -0.0420765 -0.0429173
36074.1 15.03 0.0421607 -0.0430031 15.03 -0.0421607 -0.0430031
36146.1 15.06 0.0422448 -0.0430889 15.06 -0.0422448 -0.0430889
36218.1 15.09 0.042329 -0.0431748 15.09 -0.042329 -0.0431748
36290.1 15.12 0.0424131 -0.0432606 15.12 -0.0424131 -0.0432606
36362.1 15.15 0.0424973 -0.0433464 15.15 -0.0424973 -0.0433464
36434.1 15.18 0.0425814 -0.0434323 15.18 -0.0425814 -0.0434323
36506.1 15.21 0.0426656 -0.0435181 15.21 -0.0426656 -0.0435181
36578.1 15.24 0.0427497 -0.0436039 15.24 -0.0427497 -0.0436039
36650.1 15.27 0.0428339 -0.0436898 15.27 -0.0428339 -0.0436898
36722.1 15.3 0.042918 -0.0437756 15.3 -0.042918 -0.0437756
36794.1 15.33 0.0430022 -0.0438614 15.33 -0.0430022 -0.0438614
36866.1 15.36 0.0430863 -0.0439473 15.36 -0.0430863 -0.0439473
36938.1 15.39 0.0431705 -0.0440331 15.39 -0.0431705 -0.0440331
37010.1 15.42 0.0432546 -0.0441189 15.42 -0.0432546 -0.0441189
37082.2 15.45 0.0433388 -0.0442048 15.45 -0.0433388 -0.0442048
37154.2 15.48 0.0434229 -0.0442906 15.48 -0.0434229 -0.0442906
37226.2 15.51 0.0435071 -0.0443764 15.51 -0.0435071 -0.0443764
37298.2 15.54 0.0435913 -0.0444623 15.54 -0.0435913 -0.0444623
37370.2 15.57 0.0436754 -0.0445481 15.57 -0.0436754 -0.0445481
37442.2 15.6 0.0437596 -0.0446339 15.6 -0.0437596 -0.0446339
37514.2 15.63 0.0438437 -0.0447198 15.63 -0.0438437 -0.0447198
37586.2 15.66 0.0439279 -0.0448056 15.66 -0.0439279 -0.0448056
37658.2 15.69 0.044012 -0.0448914 15.69 -0.044012 -0.0448914
37730.2 15.72 0.0440962 -0.0449773 15.72 -0.0440962 -0.0449773
37802.2 15.75 0.0441803 -0.0450631 15.75 -0.0441803 -0.0450631
37874.2 15.78 0.0442645 -0.0451489 15.78 -0.0442645 -0.0451489
37946.2 15.81 0.0443486 -0.0452348 15.81 -0.0443486 -0.0452348
38018.2 15.84 0.0444328 -0.0453206 15.84 -0.0444328 -0.0453206
38090.2 15.87 0.0445169 -0.0454065 15.87 -0.0445169 -0.0454065
38162.2 15.9 0.0446011 -0.0454923 15.9 -0.0446011 -0.0454923
38234.2 15.93 0.0446852 -0.0455781 15.93 -0.0446852 -0.0455781
38306.2 15.96 0.0447694 -0.045664 15.96 -0.0447694 -0.045664
38378.2 15.99 0.0448535 -0.0457498 15.99 -0.0448535 -0.0457498
38450.2 16.02 0.0449377 -0.0458356 16.02 -0.0449377 -0.0458356
38522.2 16.05 0.0450219 -0.0459215 16.05 -0.0450219 -0.0459215
38594.2 16.08 0.045106 -0.0460073 16.08 -0.045106 -0.0460073
38666.2 16.11 0.0451902 -0.0460931 16.11 -0.0451902 -0.0460931
38738.2 16.14 0.0452743 -0.046179 16.14 -0.0452743 -0.046179
38810.3 16.17 0.0453585 -0.0462648 16.17 -0.0453585 -0.0462648
38882.3 16.2 0.0454426 -0.0463506 16.2 -0.0454426 -0.0463506
38954.3 16.23 0.0455268 -0.0464365 16.23 -0.0455268 -0.0464365
39026.3 16.26 0.0456109 -0.0465223 16.26 -0.0456109 -0.0465223
39098.3 16.29 0.0456951 -0.0466081 16.29 -0.0456951 -0.0466081
39170.3 16.32 0.0457792 -0.046694 16.32 -0.0457792 -0.046694
39242.3 16.35 0.0458634 -0.0467798 16.35 -0.0458634 -0.0467798
39314.3 16.38 0.0459475 -0.0468656 16.38 -0.0459475 -0.0468656
39386.3 16.41 0.0460317 -0.0469515 16.41 -0.0460317 -0.0469515
39458.3 16.44 0.0461158 -0.0470373 16.44 -0.0461158 -0.0470373
39530.3 16.47 0.0462 -0.0471231 16.47 -0.0462 -0.0471231
39602.3 16.5 0.0462842 -0.047209 16.5 -0.0462842 -0.047209
39674.3 16.53 0.0463683 -0.0472948 16.53 -0.0463683 -0.0472948
39746.3 16.56 0.0464525 -0.0473806 16.56 -0.0464525 -0.0473806
39818.3 16.59 0.0465366 -0.0474665 16.59 -0.0465366 -0.0474665
39890.3 16.62 0.0466208 -0.0475523 16.62 -0.0466208 -0.0475523
39962.3 16.65 0.0467049 -0.0476381 16.65 -0.0467049 -0.0476381
40034.3 16.68 0.0467891 -0.047724 16.68 -0.0467891 -0.047724
40106.3 16.71 0.0468732 -0.0478098 16.71 -0.0468732 -0.0478098
40178.3 16.74 0.0469574 -0.0478957 16.74 -0.0469574 -0.0478957
40250.3 16.77 0.0470415 -0.0479815 16.77 -0.0470415 -0.0479815
40322.3 16.8 0.0471257 -0.0480673 16.8 -0.0471257 -0.0480673
40394.3 16.83 0.0472098 -0.0481532 16.83 -0.0472098 -0.0481532
40466.3 16.86 0.047294 -0.048239 16.86 -0.047294 -0.048239
40538.4 16.89 0.0473781 -0.0483248 16.89 -0.0473781 -0.0483248
40610.4 16.92 0.0474623 -0.0484107 16.92 -0.0474623 -0.0484107
40682.4 16.95 0.0475464 -0.0484965 16.95 -0.0475464 -0.0484965
40754.4 16.98 0.0476306 -0.0485823 16.98 -0.0476306 -0.0485823
40826.4 17.01 0.0477148 -0.0486682 17.01 -0.0477148 -0.0486682
40898.4 17.04 0.0477989 -0.048754 17.04 -0.0477989 -0.048754
40970.4 17.07 0.0478831 -0.0488398 17.07 -0.0478831 -0.0488398
41042.4 17.1 0.0479672 -0.0489257 17.1 -0.0479672 -0.0489257
41114.4 17.13 0.0480514 -0.0490115 17.13 -0.0480514 -0.0490115
41186.4 17.16 0.0481355 -0.0490973 17.16 -0.0481355 -0.0490973
41258.4 17.19 0.0482197 -0.0491832 17.19 -0.0482197 -0.0491832
41330.4 17.22 0.0483038 -0.049269 17.22 -0.0483038 -0.049269
41402.4 17.25 0.048388 -0.0493548 17.25 -0.048388 -0.0493548
41474.4 17.28 0.0484721 -0.0494407 17.28 -0.0484721 -0.0494407
41546.4 17.31 0.0485563 -0.0495265 17.31 -0.0485563 -0.0495265
41618.4 17.34 0.0486404 -0.0496123 17.34 -0.0486404 -0.0496123
41690.4 17.37 0.0487246 -0.0496982 17.37 -0.0487246 -0.0496982
41762.4 17.4 0.0488087 -0.049784 17.4 -0.0488087 -0.049784
41834.4 17.43 0.0488929 -0.0498698 17.43 -0.0488929 -0.0498698
41906.4 17.46 0.048977 -0.0499557 17.46 -0.048977 -0.0499557
41978.4 17.49 0.0490612 -0.0500415 17.49 -0.0490612 -0.0500415
42050.4 17.52 0.0491454 -0.0501274 17.52 -0.0491454 -0.0501274
42122.4 17.55 0.0492295 -0.0502132 17.55 -0.0492295 -0.0502132
42194.4 17.58 0.0493137 -0.050299 17.58 -0.0493137 -0.050299
42266.5 17.61 0.0493978 -0.0503849 17.61 -0.0493978 -0.0503849
42338.5 17.64 0.049482 -0.0504707 17.64 -0.049482 -0.0504707
42410.5 17.67 0.0495661 -0.0505565 17.67 -0.0495661 -0.0505565
42482.5 17.7 0.0496503 -0.0506424 17.7 -0.0496503 -0.0506424
42554.5 17.73 0.0497344 -0.0507282 17.73 -0.0497344 -0.0507282
42626.5 17.76 0.0498186 -0.050814 17.76 -0.0498186 -0.050814
42698.5 17.79 0.0499027 -0.0508999 17.79 -0.0499027 -0.0508999
42770.5 17.82 0.0499869 -0.0509857 17.82 -0.0499869 -0.0509857
42842.5 17.85 0.050071 -0.0510715 17.85 -0.050071 -0.0510715
42914.5 17.88 0.0501552 -0.0511574 17.88 -0.0501552 -0.0511574
42986.5 17.91 0.0502393 -0.0512432 17.91 -0.0502393 -0.0512432
43058.5 17.94 0.0503235 -0.051329 17.94 -0.0503235 -0.051329
43130.5 17.97 0.0504076 -0.0514149 17.97 -0.0504076 -0.0514149
43202.5 18 0.0504918 -0.0515007 18 -0.0504918 -0.0515007
43274.5 18.03 0.050576 -0.0515865 18.03 -0.050576 -0.0515865
43346.5 18.06 0.0506601 -0.0516724 18.06 -0.0506601 -0.0516724
43418.5 18.09 0.0507443 -0.0517582 18.09 -0.0507443 -0.0517582
43490.5 18.12 0.0508284 -0.051844 18.12 -0.0508284 -0.051844
43562.5 18.15 0.0509126 -0.0519299 18.15 -0.0509126 -0.0519299
43634.5 18.18 0.0509967 -0.0520157 18.18 -0.0509967 -0.0520157
43706.5 18.21 0.0510809 -0.0521015 18.21 -0.0510809 -0.0521015
43778.5 18.24 0.051165 -0.0521874 18.24 -0.051165 -0.0521874
43850.5 18.27 0.0512492 -0.0522732 18.27 -0.0512492 -0.0522732
43922.5 18.3 0.0513333 -0.052359 18.3 -0.0513333 -0.052359
43994.6 18.33 0.0514175 -0.0524449 18.33 -0.0514175 -0.0524449
44066.6 18.36 0.0515016 -0.0525307 18.36 -0.0515016 -0.0525307
44138.6 18.39 0.0515858 -0.0526166 18.39 -0.0515858 -0.0526166
44210.6 18.42 0.0516699 -0.0527024 18.42 -0.0516699 -0.0527024
44282.6 18.45 0.0517541 -0.0527882 18.45 -0.0517541 -0.0527882
44354.6 18.48 0.0518382 -0.0528741 18.48 -0.0518382 -0.0528741
44426.6 18.51 0.0519224 -0.0529599 18.51 -0.0519224 -0.0529599
44498.6 18.54 0.0520066 -0.0530457 18.54 -0.0520066 -0.0530457
44570.6 18.57 0.0520907 -0.0531316 18.57 -0.0520907 -0.0531316
44642.6 18.6 0.0521749 -0.0532174 18.6 -0.0521749 -0.0532174
44714.6 18.63 0.052259 -0.0533032 18.63 -0.052259 -0.0533032
44786.6 18.66 0.0523432 -0.0533891 18.66 -0.0523432 -0.0533891
44858.6 18.69 0.0524273 -0.0534749 18.69 -0.0524273 -0.0534749
44930.6 18.72 0.0525115 -0.0535607 18.72 -0.0525115 -0.0535607
45002.6 18.75 0.0525956 -0.0536466 18.75 -0.0525956 -0.0536466
45074.6 18.78 0.0526798 -0.0537324 18.78 -0.0526798 -0.0537324
45146.6 18.81 0.0527639 -0.0538182 18.81 -0.0527639 -0.0538182
45218.6 18.84 0.0528481 -0.0539041 18.84 -0.0528481 -0.0539041
45290.6 18.87 0.0529322 -0.0539899 18.87 -0.0529322 -0.0539899
45362.6 18.9 0.0530164 -0.0540757 18.9 -0.0530164 -0.0540757
45434.6 18.93 0.0531005 -0.0541616 18.93 -0.0531005 -0.0541616
45506.6 18.96 0.0531847 -0.0542474 18.96 -0.0531847 -0.0542474
45578.6 18.99 0.0532688 -0.0543332 18.99 -0.0532688 -0.0543332
45650.6 19.02 0.053353 -0.0544191 19.02 -0.053353 -0.0544191
45722.7 19.05 0.0534372 -0.0545049 19.05 -0.0534372 -0.0545049
45794.7 19.08 0.0535213 -0.0545907 19.08 -0.0535213 -0.0545907
45866.7 19.11 0.0536055 -0.0546766 19.11 -0.0536055 -0.0546766
45938.7 19.14 0.0536896 -0.0547624 19.14 -0.0536896 -0.0547624
46010.7 19.17 0.0537738 -0.0548482 19.17 -0.0537738 -0.0548482
46082.7 19.2 0.0538579 -0.0549341 19.2 -0.0538579 -0.0549341
46154.7 19.23 0.0539421 -0.0550199 19.23 -0.0539421 -0.0550199
46226.7 19.26 0.0540262 -0.0551058 19.26 -0.0540262 -0.0551058
46298.7 19.29 0.0541104 -0.0551916 19.29 -0.0541104 -0.0551916
46370.7 19.32 0.0541945 -0.0552774 19.32 -0.0541945 -0.0552774
46442.7 19.35 0.0542787 -0.0553633 19.35 -0.0542787 -0.0553633
46514.7 19.38 0.0543628 -0.0554491 19.38 -0.0543628 -0.0554491
46586.7 19.41 0.054447 -0.0555349 19.41 -0.054447 -0.0555349
46658.7 19.44 0.0545311 -0.0556208 19.44 -0.0545311 -0.0556208
46730.7 19.47 0.0546153 -0.0557066 19.47 -0.0546153 -0.0557066
46802.7 19.5 0.0546995 -0.0557924 19.5 -0.0546995 -0.0557924
46874.7 19.53 0.0547836 -0.0558783 19.53 -0.0547836 -0.0558783
46946.7 19.56 0.0548678 -0.0559641 19.56 -0.0548678 -0.0559641
47018.7 19.59 0.0549519 -0.0560499 19.59 -0.0549519 -0.0560499
47090.7 19.62 0.0550361 -0.0561358 19.62 -0.0550361 -0.0561358
47162.7 19.65 0.0551202 -0.0562216 19.65 -0.0551202 -0.0562216
47234.7 19.68 0.0552044 -0.0563074 19.68 -0.0552044 -0.0563074
47306.7 19.71 0.0552885 -0.0563933 19.71 -0.0552885 -0.0563933
47378.7 19.74 0.0553727 -0.0564791 19.74 -0.0553727 -0.0564791
47450.8 19.77 0.0554568 -0.0565649 19.77 -0.0554568 -0.0565649
47522.8 19.8 0.055541 -0.0566508 19.8 -0.055541 -0.0566508
47594.8 19.83 0.0556251 -0.0567366 19.83 -0.0556251 -0.0567366
47666.8 19.86 0.0557093 -0.0568224 19.86 -0.0557093 -0.0568224
47738.8 19.89 0.0557934 -0.0569083 19.89 -0.0557934 -0.0569083
47810.8 19.92 0.0558776 -0.0569941 19.92 -0.0558776 -0.0569941
47882.8 19.95 0.0559617 -0.0570799 19.95 -0.0559617 -0.0570799
47954.8 19.98 0.0560459 -0.0571658 19.98 -0.0560459 -0.0571658
48026.8 20.01 0.0561301 -0.0572516 20.01 -0.0561301 -0.0572516
48098.8 20.04 0.0562142 -0.0573374 20.04 -0.0562142 -0.0573374
48170.8 20.07 0.0562984 -0.0574233 20.07 -0.0562984 -0.0574233
48242.8 20.1 0.0563825 -0.0575091 20.1 -0.0563825 -0.0575091
48314.8 20.13 0.0564667 -0.057595 20.13 -0.0564667 -0.057595
48386.8 20.16 0.0565508 -0.0576808 20.16 -0.0565508 -0.0576808
48458.8 20.19 0.056635 -0.0577666 20.19 -0.056635 -0.0577666
48530.8 20.22 0.0567191 -0.0578525 20.22 -0.0567191 -0.0578525
48602.8 20.25 0.0568033 -0.0579383 20.25 -0.0568033 -0.0579383
48674.8 20.28 0.0568874 -0.0580241 20.28 -0.0568874 -0.0580241
48746.8 20.31 0.0569716 -0.05811 20.31 -0.0569716 -0.05811
48818.8 20.34 0.0570557 -0.0581958 20.34 -0.0570557 -0.0581958
48890.8 20.37 0.0571399 -0.0582816 20.37 -0.0571399 -0.0582816
48962.8 20.4 0.057224 -0.0583675 20.4 -0.057224 -0.0583675
49034.8 20.43 0.0573082 -0.0584533 20.43 -0.0573082 -0.0584533
49106.8 20.46 0.0573923 -0.0585391 20.46 -0.0573923 -0.0585391
49178.9 20.49 0.0574765 -0.058625 20.49 -0.0574765 -0.058625
49250.9 20.52 0.0575607 -0.0587108 20.52 -0.0575607 -0.0587108
49322.9 20.55 0.0576448 -0.0587966 20.55 -0.0576448 -0.0587966
49394.9 20.58 0.057729 -0.0588825 20.58 -0.057729 -0.0588825
49466.9 20.61 0.0578131 -0.0589683 20.61 -0.0578131 -0.0589683
49538.9 20.64 0.0578973 -0.0590541 20.64 -0.0578973 -0.0590541
49610.9 20.67 0.0579814 -0.05914 20.67 -0.0579814 -0.05914
49682.9 20.7 0.0580656 -0.0592258 20.7 -0.0580656 -0.0592258
49754.9 20.73 0.0581497 -0.0593116 20.73 -0.0581497 -0.0593116
49826.9 20.76 0.0582339 -0.0593975 20.76 -0.0582339 -0.0593975
49898.9 20.79 0.058318 -0.0594833 20.79 -0.058318 -0.0594833
49970.9 20.82 0.0584022 -0.0595691 20.82 -0.0584022 -0.0595691
50042.9 20.85 0.0584863 -0.059655 20.85 -0.0584863 -0.059655
50114.9 20.88 0.0585705 -0.0597408 20.88 -0.0585705 -0.0597408
50186.9 20.91 0.0586546 -0.0598266 20.91 -0.0586546 -0.0598266
50258.9 20.94 0.0587388 -0.0599125 20.94 -0.0587388 -0.0599125
50330.9 20.97 0.0588229 -0.0599983 20.97 -0.0588229 -0.0599983
50402.9 21 0.0589071 -0.0600842 21 -0.0589071 -0.0600842
50474.9 21.03 0.0589913 -0.06017 21.03 -0.0589913 -0.06017
50546.9 21.06 0.0590754 -0.0602558 21.06 -0.0590754 -0.0602558
50618.9 21.09 0.0591596 -0.0603417 21.09 -0.0591596 -0.0603417
50690.9 21.12 0.0592437 -0.0604275 21.12 -0.0592437 -0.0604275
50762.9 21.15 0.0593279 -0.0605133 21.15 -0.0593279 -0.0605133
50834.9 21.18 0.059412 -0.0605992 21.18 -0.059412 -0.0605992
50907 21.21 0.0594962 -0.060685 21.21 -0.0594962 -0.060685
50979 21.24 0.0595803 -0.0607708 21.24 -0.0595803 -0.0607708
51051 21.27 0.0596645 -0.0608567 21.27 -0.0596645 -0.0608567
51123 21.3 0.0597486 -0.0609425 21.3 -0.0597486 -0.0609425
51195 21.33 0.0598328 -0.0610283 21.33 -0.0598328 -0.0610283
51267 21.36 0.0599169 -0.0611142 21.36 -0.0599169 -0.0611142
51339 21.39 0.0600011 -0.0612 21.39 -0.0600011 -0.0612
51411 21.42 0.0600852 -0.0612858 21.42 -0.0600852 -0.0612858
51483 21.45 0.0601694 -0.0613717 21.45 -0.0601694 -0.0613717
51555 21.48 0.0602535 -0.0614575 21.48 -0.0602535 -0.0614575
51627 21.51 0.0603377 -0.0615433 21.51 -0.0603377 -0.0615433
51699 21.54 0.0604219 -0.0616292 21.54 -0.0604219 -0.0616292
51771 21.57 0.060506 -0.061715 21.57 -0.060506 -0.061715
51843 21.6 0.0605902 -0.0618008 21.6 -0.0605902 -0.0618008
51915 21.63 0.0606743 -0.0618867 21.63 -0.0606743 -0.0618867
51987 21.66 0.0607585 -0.0619725 21.66 -0.0607585 -0.0619725
52059 21.69 0.0608426 -0.0620583 21.69 -0.0608426 -0.0620583
52131 21.72 0.0609268 -0.0621442 21.72 -0.0609268 -0.0621442
52203 21.75 0.0610109 -0.06223 21.75 -0.0610109 -0.06223
52275 21.78 0.0610951 -0.0623159 21.78 -0.0610951 -0.0623159
52347 21.81 0.0611792 -0.0624017 21.81 -0.0611792 -0.0624017
52419 21.84 0.0612634 -0.0624875 21.84 -0.0612634 -0.0624875
52491 21.87 0.0613475 -0.0625734 21.87 -0.0613475 -0.0625734
52563.1 21.9 0.0614317 -0.0626592 21.9 -0.0614317 -0.0626592
52635.1 21.93 0.0615158 -0.062745 21.93 -0.0615158 -0.062745
52707.1 21.96 0.0616 -0.0628309 21.96 -0.0616 -0.0628309
52779.1 21.99 0.0616841 -0.0629167 21.99 -0.0616841 -0.0629167
52851.1 22.02 0.0617683 -0.0630025 22.02 -0.0617683 -0.0630025
52923.1 22.05 0.0618525 -0.0630884 22.05 -0.0618525 -0.0630884
52995.1 22.08 0.0619366 -0.0631742 22.08 -0.0619366 -0.0631742
53067.1 22.11 0.0620208 -0.06326 22.11 -0.0620208 -0.06326
53139.1 22.14 0.0621049 -0.0633459 22.14 -0.0621049 -0.0633459
53211.1 22.17 0.0621891 -0.0634317 22.17 -0.0621891 -0.0634317
53283.1 22.2 0.0622732 -0.0635175 22.2 -0.0622732 -0.0635175
53355.1 22.23 0.0623574 -0.0636034 22.23 -0.0623574 -0.0636034
53427.1 22.26 0.0624415 -0.0636892 22.26 -0.0624415 -0.0636892
53499.1 22.29 0.0625257 -0.063775 22.29 -0.0625257 -0.063775
53571.1 22.32 0.0626098 -0.0638609 22.32 -0.0626098 -0.0638609
53643.1 22.35 0.062694 -0.0639467 22.35 -0.062694 -0.0639467
53715.1 22.38 0.0627781 -0.0640325 22.38 -0.0627781 -0.0640325
53787.1 22.41 0.0628623 -0.0641184 22.41 -0.0628623 -0.0641184
53859.1 22.44 0.0629464 -0.0642042 22.44 -0.0629464 -0.0642042
53931.1 22.47 0.0630306 -0.06429 22.47 -0.0630306 -0.06429
54003.1 22.5 0.0631148 -0.0643759 22.5 -0.0631148 -0.0643759
54075.1 22.53 0.0631989 -0.0644617 22.53 -0.0631989 -0.0644617
54147.1 22.56 0.0632831 -0.0645475 22.56 -0.0632831 -0.0645475
54219.1 22.59 0.0633672 -0.0646334 22.59 -0.0633672 -0.0646334
54291.2 22.62 0.0634514 -0.0647192 22.62 -0.0634514 -0.0647192
54363.2 22.65 0.0635355 -0.0648051 22.65 -0.0635355 -0.0648051
54435.2 22.68 0.0636197 -0.0648909 22.68 -0.0636197 -0.0648909
54507.2 22.71 0.0637038 -0.0649767 22.71 -0.0637038 -0.0649767
54579.2 22.74 0.063788 -0.0650626 22.74 -0.063788 -0.0650626
54651.2 22.77 0.0638721 -0.0651484 22.77 -0.0638721 -0.0651484
54723.2 22.8 0.0639563 -0.0652342 22.8 -0.0639563 -0.0652342
54795.2 22.83 0.0640404 -0.0653201 22.83 -0.0640404 -0.0653201
54867.2 22.86 0.0641246 -0.0654059 22.86 -0.0641246 -0.0654059
54939.2 22.89 0.0642087 -0.0654917 22.89 -0.0642087 -0.0654917
55011.2 22.92 0.0642929 -0.0655776 22.92 -0.0642929 -0.0655776
55083.2 22.95 0.064377 -0.0656634 22.95 -0.064377 -0.0656634
55155.2 22.98 0.0644612 -0.0657492 22.98 -0.0644612 -0.0657492
55227.2 23.01 0.0645454 -0.0658351 23.01 -0.0645454 -0.0658351
55299.2 23.04 0.0646295 -0.0659209 23.04 -0.0646295 -0.0659209
55371.2 23.07 0.0647137 -0.0660067 23.07 -0.0647137 -0.0660067
55443.2 23.1 0.0647978 -0.0660926 23.1 -0.0647978 -0.0660926
55515.2 23.13 0.064882 -0.0661784 23.13 -0.064882 -0.0661784
55587.2 23.16 0.0649661 -0.0662642 23.16 -0.0649661 -0.0662642
55659.2 23.19 0.0650503 -0.0663501 23.19 -0.0650503 -0.0663501
55731.2 23.22 0.0651344 -0.0664359 23.22 -0.0651344 -0.0664359
55803.2 23.25 0.0652186 -0.0665217 23.25 -0.0652186 -0.0665217
55875.2 23.28 0.0653027 -0.0666076 23.28 -0.0653027 -0.0666076
55947.2 23.31 0.0653869 -0.0666934 23.31 -0.0653869 -0.0666934
56019.3 23.34 0.065471 -0.0667792 23.34 -0.065471 -0.0667792
56091.3 23.37 0.0655552 -0.0668651 23.37 -0.0655552 -0.0668651
56163.3 23.4 0.0656393 -0.0669509 23.4 -0.0656393 -0.0669509
56235.3 23.43 0.0657235 -0.0670367 23.43 -0.0657235 -0.0670367
56307.3 23.46 0.0658076 -0.0671226 23.46 -0.0658076 -0.0671226
56379.3 23.49 0.0658918 -0.0672084 23.49 -0.0658918 -0.0672084
56451.3 23.52 0.065976 -0.0672943 23.52 -0.065976 -0.0672943
56523.3 23.55 0.0660601 -0.0673801 23.55 -0.0660601 -0.0673801
56595.3 23.58 0.0661443 -0.0674659 23.58 -0.0661443 -0.0674659
56667.3 23.61 0.0662284 -0.0675518 23.61 -0.0662284 -0.0675518
56739.3 23.64 0.0663126 -0.0676376 23.64 -0.0663126 -0.0676376
56811.3 23.67 0.0663967 -0.0677234 23.67 -0.0663967 -0.0677234
56883.3 23.7 0.0664809 -0.0678093 23.7 -0.0664809 -0.0678093
56955.3 23.73 0.066565 -0.0678951 23.73 -0.066565 -0.0678951
57027.3 23.76 0.0666492 -0.0679809 23.76 -0.0666492 -0.0679809
57099.3 23.79 0.0667333 -0.0680668 23.79 -0.0667333 -0.0680668
57171.3 23.82 0.0668175 -0.0681526 23.82 -0.0668175 -0.0681526
57243.3 23.85 0.0669016 -0.0682384 23.85 -0.0669016 -0.0682384
57315.3 23.88 0.0669858 -0.0683243 23.88 -0.0669858 -0.0683243
57387.3 23.91 0.0670699 -0.0684101 23.91 -0.0670699 -0.0684101
57459.3 23.94 0.0671541 -0.0684959 23.94 -0.0671541 -0.0684959
57531.3 23.97 0.0672382 -0.0685818 23.97 -0.0672382 -0.0685818
57603.3 24 0.0673224 -0.0686676 24 -0.0673224 -0.0686676
57675.3 24.03 0.0674066 -0.0687534 24.03 -0.0674066 -0.0687534
57747.4 24.06 0.0674907 -0.0688393 24.06 -0.0674907 -0.0688393
57819.4 24.09 0.0675749 -0.0689251 24.09 -0.0675749 -0.0689251
57891.4 24.12 0.067659 -0.0690109 24.12 -0.067659 -0.0690109
57963.4 24.15 0.0677432 -0.0690968 24.15 -0.0677432 -0.0690968
58035.4 24.18 0.0678273 -0.0691826 24.18 -0.0678273 -0.0691826
58107.4 24.21 0.0679115 -0.0692684 24.21 -0.0679115 -0.0692684
58179.4 24.24 0.0679956 -0.0693543 24.24 -0.0679956 -0.0693543
58251.4 24.27 0.0680798 -0.0694401 24.27 -0.0680798 -0.0694401
58323.4 24.3 0.0681639 -0.0695259 24.3 -0.0681639 -0.0695259
58395.4 24.33 0.0682481 -0.0696118 24.33 -0.0682481 -0.0696118
58467.4 24.36 0.0683322 -0.0696976 24.36 -0.0683322 -0.0696976
58539.4 24.39 0.0684164 -0.0697835 24.39 -0.0684164 -0.0697835
58611.4 24.42 0.0685005 -0.0698693 24.42 -0.0685005 -0.0698693
58683.4 24.45 0.0685847 -0.0699551 24.45 -0.0685847 -0.0699551
58755.4 24.48 0.0686688 -0.070041 24.48 -0.0686688 -0.070041
58827.4 24.51 0.068753 -0.0701268 24.51 -0.068753 -0.0701268
58899.4 24.54 0.0688372 -0.0702126 24.54 -0.0688372 -0.0702126
58971.4 24.57 0.0689213 -0.0702985 24.57 -0.0689213 -0.0702985
59043.4 24.6 0.0690055 -0.0703843 24.6 -0.0690055 -0.0703843
59115.4 24.63 0.0690896 -0.0704701 24.63 -0.0690896 -0.0704701
59187.4 24.66 0.0691738 -0.070556 24.66 -0.0691738 -0.070556
59259.4 24.69 0.0692579 -0.0706418 24.69 -0.0692579 -0.0706418
59331.4 24.72 0.0693421 -0.0707276 24.72 -0.0693421 -0.0707276
59403.4 24.75 0.0694262 -0.0708135 24.75 -0.0694262 -0.0708135
59475.5 24.78 0.0695104 -0.0708993 24.78 -0.0695104 -0.0708993
59547.5 24.81 0.0695945 -0.0709851 24.81 -0.0695945 -0.0709851
59619.5 24.84 0.0696787 -0.071071 24.84 -0.0696787 -0.071071
59691.5 24.87 0.0697628 -0.0711568 24.87 -0.0697628 -0.0711568
59763.5 24.9 0.069847 -0.0712426 24.9 -0.069847 -0.0712426
59835.5 24.93 0.0699311 -0.0713285 24.93 -0.0699311 -0.0713285
59907.5 24.96 0.0700153 -0.0714143 24.96 -0.0700153 -0.0714143
59979.5 24.99 0.0700994 -0.0715001 24.99 -0.0700994 -0.0715001
60051.5 25.02 0.0701836 -0.071586 25.02 -0.0701836 -0.071586
60123.5 25.05 0.0702678 -0.0716718 25.05 -0.0702678 -0.0716718
60195.5 25.08 0.0703519 -0.0717576 25.08 -0.0703519 -0.0717576
60267.5 25.11 0.0704361 -0.0718435 25.11 -0.0704361 -0.0718435
60339.5 25.14 0.0705202 -0.0719293 25.14 -0.0705202 -0.0719293
60411.5 25.17 0.0706044 -0.0720151 25.17 -0.0706044 -0.0720151
60483.5 25.2 0.0706885 -0.072101 25.2 -0.0706885 -0.072101
60555.5 25.23 0.0707727 -0.0721868 25.23 -0.0707727 -0.0721868
60627.5 25.26 0.0708568 -0.0722727 25.26 -0.0708568 -0.0722727
60699.5 25.29 0.070941 -0.0723585 25.29 -0.070941 -0.0723585
60771.5 25.32 0.0710251 -0.0724443 25.32 -0.0710251 -0.0724443
60843.5 25.35 0.0711093 -0.0725302 25.35 -0.0711093 -0.0725302
60915.5 25.38 0.0711934 -0.072616 25.38 -0.0711934 -0.072616
60987.5 25.41 0.0712776 -0.0727018 25.41 -0.0712776 -0.0727018
61059.5 25.44 0.0713617 -0.0727877 25.44 -0.0713617 -0.0727877
61131.5 25.47 0.0714459 -0.0728735 25.47 -0.0714459 -0.0728735
61203.6 25.5 0.0715301 -0.0729593 25.5 -0.0715301 -0.0729593
61275.6 25.53 0.0716142 -0.0730452 25.53 -0.0716142 -0.0730452
61347.6 25.56 0.0716984 -0.073131 25.56 -0.0716984 -0.073131
61419.6 25.59 0.0717825 -0.0732168 25.59 -0.0717825 -0.0732168
61491.6 25.62 0.0718667 -0.0733027 25.62 -0.0718667 -0.0733027
61563.6 25.65 0.0719508 -0.0733885 25.65 -0.0719508 -0.0733885
61635.6 25.68 0.072035 -0.0734743 25.68 -0.072035 -0.0734743
61707.6 25.71 0.0721191 -0.0735602 25.71 -0.0721191 -0.0735602
61779.6 25.74 0.0722033 -0.073646 25.74 -0.0722033 -0.073646
61851.6 25.77 0.0722874 -0.0737318 25.77 -0.0722874 -0.0737318
61923.6 25.8 0.0723716 -0.0738177 25.8 -0.0723716 -0.0738177
61995.6 25.83 0.0724557 -0.0739035 25.83 -0.0724557 -0.0739035
62067.6 25.86 0.0725399 -0.0739893 25.86 -0.0725399 -0.0739893
62139.6 25.89 0.072624 -0.0740752 25.89 -0.072624 -0.0740752
62211.6 25.92 0.0727082 -0.074161 25.92 -0.0727082 -0.074161
62283.6 25.95 0.0727923 -0.0742468 25.95 -0.0727923 -0.0742468
62355.6 25.98 0.0728765 -0.0743327 25.98 -0.0728765 -0.0743327
62427.6 26.01 0.0729607 -0.0744185 26.01 -0.0729607 -0.0744185
62499.6 26.04 0.0730448 -0.0745043 26.04 -0.0730448 -0.0745043
62571.6 26.07 0.073129 -0.0745902 26.07 -0.073129 -0.0745902
62643.6 26.1 0.0732131 -0.074676 26.1 -0.0732131 -0.074676
62715.6 26.13 0.0732973 -0.0747619 26.13 -0.0732973 -0.0747619
62787.6 26.16 0.0733814 -0.0748477 26.16 -0.0733814 -0.0748477
62859.6 26.19 0.0734656 -0.0749335 26.19 -0.0734656 -0.0749335
62931.7 26.22 0.0735497 -0.0750194 26.22 -0.0735497 -0.0750194
63003.7 26.25 0.0736339 -0.0751052 26.25 -0.0736339 -0.0751052
63075.7 26.28 0.073718 -0.075191 26.28 -0.073718 -0.075191
63147.7 26.31 0.0738022 -0.0752769 26.31 -0.0738022 -0.0752769
63219.7 26.34 0.0738863 -0.0753627 26.34 -0.0738863 -0.0753627
63291.7 26.37 0.0739705 -0.0754485 26.37 -0.0739705 -0.0754485
63363.7 26.4 0.0740546 -0.0755344 26.4 -0.0740546 -0.0755344
63435.7 26.43 0.0741388 -0.0756202 26.43 -0.0741388 -0.0756202
63507.7 26.46 0.0742229 -0.075706 26.46 -0.0742229 -0.075706
63579.7 26.49 0.0743071 -0.0757919 26.49 -0.0743071 -0.0757919
63651.7 26.52 0.0743913 -0.0758777 26.52 -0.0743913 -0.0758777
63723.7 26.55 0.0744754 -0.0759635 26.55 -0.0744754 -0.0759635
63795.7 26.58 0.0745596 -0.0760494 26.58 -0.0745596 -0.0760494
63867.7 26.61 0.0746437 -0.0761352 26.61 -0.0746437 -0.0761352
63939.7 26.64 0.0747279 -0.076221 26.64 -0.0747279 -0.076221
64011.7 26.67 0.074812 -0.0763069 26.67 -0.074812 -0.0763069
64083.7 26.7 0.0748962 -0.0763927 26.7 -0.0748962 -0.0763927
64155.7 26.73 0.0749803 -0.0764785 26.73 -0.0749803 -0.0764785
64227.7 26.76 0.0750645 -0.0765644 26.76 -0.0750645 -0.0765644
64299.7 26.79 0.0751486 -0.0766502 26.79 -0.0751486 -0.0766502
64371.7 26.82 0.0752328 -0.076736 26.82 -0.0752328 -0.076736
64443.7 26.85 0.0753169 -0.0768219 26.85 -0.0753169 -0.0768219
64515.7 26.88 0.0754011 -0.0769077 26.88 -0.0754011 -0.0769077
64587.7 26.91 0.0754852 -0.0769936 26.91 -0.0754852 -0.0769936
64659.8 26.94 0.0755694 -0.0770794 26.94 -0.0755694 -0.0770794
64731.8 26.97 0.0756535 -0.0771652 26.97 -0.0756535 -0.0771652
64803.8 27 0.0757377 -0.0772511 27 -0.0757377 -0.0772511
64875.8 27.03 0.0758219 -0.0773369 27.03 -0.0758219 -0.0773369
64947.8 27.06 0.075906 -0.0774227 27.06 -0.075906 -0.0774227
65019.8 27.09 0.0759902 -0.0775086 27.09 -0.0759902 -0.0775086
65091.8 27.12 0.0760743 -0.0775944 27.12 -0.0760743 -0.0775944
65163.8 27.15 0.0761585 -0.0776802 27.15 -0.0761585 -0.0776802
65235.8 27.18 0.0762426 -0.0777661 27.18 -0.0762426 -0.0777661
65307.8 27.21 0.0763268 -0.0778519 27.21 -0.0763268 -0.0778519
65379.8 27.24 0.0764109 -0.0779377 27.24 -0.0764109 -0.0779377
65451.8 27.27 0.0764951 -0.0780236 27.27 -0.0764951 -0.0780236
65523.8 27.3 0.0765792 -0.0781094 27.3 -0.0765792 -0.0781094
65595.8 27.33 0.0766634 -0.0781952 27.33 -0.0766634 -0.0781952
65667.8 27.36 0.0767475 -0.0782811 27.36 -0.0767475 -0.0782811
65739.8 27.39 0.0768317 -0.0783669 27.39 -0.0768317 -0.0783669
65811.8 27.42 0.0769158 -0.0784527 27.42 -0.0769158 -0.0784527
65883.8 27.45 0.077 -0.0785386 27.45 -0.077 -0.0785386
65955.8 27.48 0.0770841 -0.0786244 27.48 -0.0770841 -0.0786244
66027.8 27.51 0.0771683 -0.0787102 27.51 -0.0771683 -0.0787102
66099.8 27.54 0.0772525 -0.0787961 27.54 -0.0772525 -0.0787961
66171.8 27.57 0.0773366 -0.0788819 27.57 -0.0773366 -0.0788819
66243.8 27.6 0.0774208 -0.0789677 27.6 -0.0774208 -0.0789677
66315.8 27.63 0.0775049 -0.0790536 27.63 -0.0775049 -0.0790536
66387.9 27.66 0.0775891 -0.0791394 27.66 -0.0775891 -0.0791394
66459.9 27.69 0.0776732 -0.0792252 27.69 -0.0776732 -0.0792252
66531.9 27.72 0.0777574 -0.0793111 27.72 -0.0777574 -0.0793111
66603.9 27.75 0.0778415 -0.0793969 27.75 -0.0778415 -0.0793969
66675.9 27.78 0.0779257 -0.0794828 27.78 -0.0779257 -0.0794828
66747.9 27.81 0.0780098 -0.0795686 27.81 -0.0780098 -0.0795686
66819.9 27.84 0.078094 -0.0796544 27.84 -0.078094 -0.0796544
66891.9 27.87 0.0781781 -0.0797403 27.87 -0.0781781 -0.0797403
66963.9 27.9 0.0782623 -0.0798261 27.9 -0.0782623 -0.0798261
67035.9 27.93 0.0783464 -0.0799119 27.93 -0.0783464 -0.0799119
67107.9 27.96 0.0784306 -0.0799978 27.96 -0.0784306 -0.0799978
67179.9 27.99 0.0785147 -0.0800836 27.99 -0.0785147 -0.0800836
67251.9 28.02 0.0785989 -0.0801694 28.02 -0.0785989 -0.0801694
67323.9 28.05 0.0786831 -0.0802553 28.05 -0.0786831 -0.0802553
67395.9 28.08 0.0787672 -0.0803411 28.08 -0.0787672 -0.0803411
67467.9 28.11 0.0788514 -0.0804269 28.11 -0.0788514 -0.0804269
67539.9 28.14 0.0789355 -0.0805128 28.14 -0.0789355 -0.0805128
67611.9 28.17 0.0790197 -0.0805986 28.17 -0.0790197 -0.0805986
67683.9 28.2 0.0791038 -0.0806844 28.2 -0.0791038 -0.0806844
67755.9 28.23 0.079188 -0.0807703 28.23 -0.079188 -0.0807703
67827.9 28.26 0.0792721 -0.0808561 28.26 -0.0792721 -0.0808561
67899.9 28.29 0.0793563 -0.0809419 28.29 -0.0793563 -0.0809419
67971.9 28.32 0.0794404 -0.0810278 28.32 -0.0794404 -0.0810278
68043.9 28.35 0.0795246 -0.0811136 28.35 -0.0795246 -0.0811136
68116 28.38 0.0796087 -0.0811994 28.38 -0.0796087 -0.0811994
68188 28.41 0.0796929 -0.0812853 28.41 -0.0796929 -0.0812853
68260 28.44 0.079777 -0.0813711 28.44 -0.079777 -0.0813711
68332 28.47 0.0798612 -0.0814569 28.47 -0.0798612 -0.0814569
68404 28.5 0.0799454 -0.0815428 28.5 -0.0799454 -0.0815428
68476 28.53 0.0800295 -0.0816286 28.53 -0.0800295 -0.0816286
68548 28.56 0.0801137 -0.0817144 28.56 -0.0801137 -0.0817144
68620 28.59 0.0801978 -0.0818003 28.59 -0.0801978 -0.0818003
68692 28.62 0.080282 -0.0818861 28.62 -0.080282 -0.0818861
68764 28.65 0.0803661 -0.081972 28.65 -0.0803661 -0.081972
68836 28.68 0.0804503 -0.0820578 28.68 -0.0804503 -0.0820578
68908 28.71 0.0805344 -0.0821436 28.71 -0.0805344 -0.0821436
68980 28.74 0.0806186 -0.0822295 28.74 -0.0806186 -0.0822295
69052 28.77 0.0807027 -0.0823153 28.77 -0.0807027 -0.0823153
69124 28.8 0.0807869 -0.0824011 28.8 -0.0807869 -0.0824011
69196 28.83 0.080871 -0.082487 28.83 -0.080871 -0.082487
69268 28.86 0.0809552 -0.0825728 28.86 -0.0809552 -0.0825728
69340 28.89 0.0810393 -0.0826586 28.89 -0.0810393 -0.0826586
69412 28.92 0.0811235 -0.0827445 28.92 -0.0811235 -0.0827445
69484 28.95 0.0812076 -0.0828303 28.95 -0.0812076 -0.0828303
69556 28.98 0.0812918 -0.0829161 28.98 -0.0812918 -0.0829161
69628 29.01 0.081376 -0.083002 29.01 -0.081376 -0.083002
69700 29.04 0.0814601 -0.0830878 29.04 -0.0814601 -0.0830878
69772 29.07 0.0815443 -0.0831736 29.07 -0.0815443 -0.0831736
69844.1 29.1 0.0816284 -0.0832595 29.1 -0.0816284 -0.0832595
69916.1 29.13 0.0817126 -0.0833453 29.13 -0.0817126 -0.0833453
69988.1 29.16 0.0817967 -0.0834311 29.16 -0.0817967 -0.0834311
70060.1 29.19 0.0818809 -0.083517 29.19 -0.0818809 -0.083517
70132.1 29.22 0.081965 -0.0836028 29.22 -0.081965 -0.0836028
70204.1 29.25 0.0820492 -0.0836886 29.25 -0.0820492 -0.0836886
70276.1 29.28 0.0821333 -0.0837745 29.28 -0.0821333 -0.0837745
70348.1 29.31 0.0822175 -0.0838603 29.31 -0.0822175 -0.0838603
70420.1 29.34 0.0823016 -0.0839461 29.34 -0.0823016 -0.0839461
70492.1 29.37 0.0823858 -0.084032 29.37 -0.0823858 -0.084032
70564.1 29.4 0.0824699 -0.0841178 29.4 -0.0824699 -0.0841178
70636.1 29.43 0.0825541 -0.0842036 29.43 -0.0825541 -0.0842036
70708.1 29.46 0.0826382 -0.0842895 29.46 -0.0826382 -0.0842895
70780.1 29.49 0.0827224 -0.0843753 29.49 -0.0827224 -0.0843753
70852.1 29.52 0.0828066 -0.0844612 29.52 -0.0828066 -0.0844612
70924.1 29.55 0.0828907 -0.084547 29.55 -0.0828907 -0.084547
70996.1 29.58 0.0829749 -0.0846328 29.58 -0.0829749 -0.0846328
71068.1 29.61 0.083059 -0.0847187 29.61 -0.083059 -0.0847187
71140.1 29.64 0.0831432 -0.0848045 29.64 -0.0831432 -0.0848045
71212.1 29.67 0.0832273 -0.0848903 29.67 -0.0832273 -0.0848903
71284.1 29.7 0.0833115 -0.0849762 29.7 -0.0833115 -0.0849762
71356.1 29.73 0.0833956 -0.085062 29.73 -0.0833956 -0.085062
71428.1 29.76 0.0834798 -0.0851478 29.76 -0.0834798 -0.0851478
71500.1 29.79 0.0835639 -0.0852337 29.79 -0.0835639 -0.0852337
71572.2 29.82 0.0836481 -0.0853195 29.82 -0.0836481 -0.0853195
71644.2 29.85 0.0837322 -0.0854053 29.85 -0.0837322 -0.0854053
71716.2 29.88 0.0838164 -0.0854912 29.88 -0.0838164 -0.0854912
71788.2 29.91 0.0839005 -0.085577 29.91 -0.0839005 -0.085577
71860.2 29.94 0.0839847 -0.0856628 29.94 -0.0839847 -0.0856628
71932.2 29.97 0.0840688 -0.0857487 29.97 -0.0840688 -0.0857487
72004.2 30 0.084153 -0.0858345 30 -0.084153 -0.0858345
